32 32 0 1
-3.36056890 -3.36048570 -3.36036424 -3.36022411 -3.36007441 -3.35992898 -3.35980703 -3.35972697 -3.35968672 -3.35969178 -3.35972155 -3.35976100 -3.35978051 -3.35978572 -3.35977975 -3.35974461 -3.35969783 -3.35966041 -3.35962833 -3.35961266 -3.35962641 -3.35966736 -3.35973417 -3.35982864 -3.35994461 -3.36008564 -3.36022961 -3.36035126 -3.36046276 -3.36054617 -3.36059354 -3.36060440
-3.36061009 -3.36056447 -3.36049187 -3.36037795 -3.36025453 -3.36012179 -3.36000821 -3.35994019 -3.35989220 -3.35989927 -3.35991792 -3.35996186 -3.35998905 -3.35999007 -3.35996940 -3.35991446 -3.35985137 -3.35978315 -3.35970793 -3.35966059 -3.35965329 -3.35965235 -3.35969420 -3.35975574 -3.35985839 -3.35997679 -3.36011655 -3.36025141 -3.36037701 -3.36048573 -3.36055817 -3.36060488
-3.36061302 -3.36061264 -3.36057288 -3.36050434 -3.36040915 -3.36029408 -3.36018608 -3.36010600 -3.36006530 -3.36006358 -3.36008514 -3.36011775 -3.36013940 -3.36014285 -3.36011818 -3.36005032 -3.35997868 -3.35988669 -3.35979888 -3.35972291 -3.35967547 -3.35965449 -3.35965478 -3.35969919 -3.35975674 -3.35987056 -3.35999253 -3.36014037 -3.36027230 -3.36039673 -3.36049061 -3.36056853
-3.36058513 -3.36061667 -3.36061112 -3.36058592 -3.36050937 -3.36040256 -3.36030753 -3.36024317 -3.36018740 -3.36017377 -3.36019143 -3.36021678 -3.36023595 -3.36022845 -3.36020293 -3.36013851 -3.36005805 -3.35995353 -3.35986336 -3.35976887 -3.35969365 -3.35964348 -3.35962239 -3.35963826 -3.35967641 -3.35975889 -3.35987421 -3.36000696 -3.36015513 -3.36028419 -3.36040983 -3.36051174
-3.36052355 -3.36058120 -3.36059815 -3.36058635 -3.36054082 -3.36046570 -3.36037219 -3.36030386 -3.36025072 -3.36023700 -3.36022991 -3.36025167 -3.36026631 -3.36025215 -3.36022285 -3.36016570 -3.36008804 -3.35998333 -3.35988438 -3.35978588 -3.35969746 -3.35963131 -3.35958916 -3.35957580 -3.35960264 -3.35965798 -3.35975573 -3.35988839 -3.36002835 -3.36017237 -3.36030329 -3.36042786
-3.36043275 -3.36050458 -3.36054356 -3.36055705 -3.36052986 -3.36046407 -3.36039004 -3.36030982 -3.36025762 -3.36022721 -3.36021877 -3.36021961 -3.36022722 -3.36022740 -3.36019112 -3.36015092 -3.36006977 -3.35997791 -3.35987828 -3.35977148 -3.35967595 -3.35960566 -3.35955279 -3.35952234 -3.35953691 -3.35957447 -3.35966218 -3.35978164 -3.35991029 -3.36005606 -3.36020476 -3.36033136
-3.36031352 -3.36039669 -3.36045546 -3.36048548 -3.36046521 -3.36041919 -3.36035846 -3.36028638 -3.36023206 -3.36019386 -3.36017061 -3.36017051 -3.36015660 -3.36015769 -3.36013119 -3.36008564 -3.36001902 -3.35992977 -3.35983913 -3.35974250 -3.35964566 -3.35957823 -3.35951841 -3.35947700 -3.35947061 -3.35951320 -3.35958431 -3.35968997 -3.35981606 -3.35995111 -3.36008026 -3.36020154
-3.36016328 -3.36025801 -3.36033997 -3.36037678 -3.36036695 -3.36034501 -3.36029240 -3.36023054 -3.36017211 -3.36012475 -3.36009556 -3.36008035 -3.36006238 -3.36005838 -3.36004090 -3.35999217 -3.35992796 -3.35985390 -3.35977847 -3.35968921 -3.35961017 -3.35954267 -3.35948669 -3.35944279 -3.35943896 -3.35947111 -3.35953113 -3.35961943 -3.35974212 -3.35985407 -3.35996234 -3.36005778
-3.36001233 -3.36010336 -3.36018582 -3.36023556 -3.36025513 -3.36024167 -3.36020373 -3.36014837 -3.36008985 -3.36004088 -3.36000807 -3.35998484 -3.35995921 -3.35994159 -3.35991839 -3.35987751 -3.35982216 -3.35976861 -3.35970107 -3.35962984 -3.35956622 -3.35951822 -3.35946398 -3.35944135 -3.35943093 -3.35945825 -3.35951389 -3.35958963 -3.35967585 -3.35975385 -3.35984222 -3.35992548
-3.35987829 -3.35996016 -3.36003112 -3.36009352 -3.36011354 -3.36011775 -3.36009344 -3.36004932 -3.35999720 -3.35993626 -3.35989702 -3.35987536 -3.35985072 -3.35982236 -3.35979545 -3.35975298 -3.35971637 -3.35967430 -3.35963260 -3.35958905 -3.35954152 -3.35949818 -3.35946194 -3.35944906 -3.35945531 -3.35948683 -3.35953341 -3.35958426 -3.35962753 -3.35968519 -3.35973875 -3.35980199
-3.35974622 -3.35981306 -3.35988695 -3.35994666 -3.35997142 -3.35998276 -3.35996002 -3.35991450 -3.35987006 -3.35981321 -3.35977692 -3.35974660 -3.35971757 -3.35969002 -3.35966327 -3.35962847 -3.35961179 -3.35958540 -3.35956882 -3.35955197 -3.35952899 -3.35951675 -3.35950301 -3.35950096 -3.35952340 -3.35954291 -3.35957232 -3.35959620 -3.35961709 -3.35963720 -3.35965585 -3.35969214
-3.35963586 -3.35968539 -3.35974932 -3.35979556 -3.35982665 -3.35982692 -3.35979838 -3.35975897 -3.35970618 -3.35966456 -3.35962401 -3.35959648 -3.35957732 -3.35954731 -3.35952901 -3.35950572 -3.35950548 -3.35950790 -3.35951127 -3.35951926 -3.35953118 -3.35954832 -3.35956698 -3.35957990 -3.35960171 -3.35961930 -3.35963258 -3.35963915 -3.35962451 -3.35961114 -3.35959434 -3.35960151
-3.35953946 -3.35956295 -3.35961039 -3.35964659 -3.35966443 -3.35965094 -3.35961698 -3.35956954 -3.35951998 -3.35948151 -3.35944496 -3.35941528 -3.35940243 -3.35939017 -3.35938708 -3.35938706 -3.35940365 -3.35943237 -3.35946576 -3.35950548 -3.35955274 -3.35959962 -3.35964276 -3.35967350 -3.35970593 -3.35971778 -3.35971841 -3.35968722 -3.35963915 -3.35959588 -3.35955382 -3.35953353
-3.35944295 -3.35944814 -3.35946847 -3.35947927 -3.35948974 -3.35946631 -3.35941554 -3.35936469 -3.35931974 -3.35928268 -3.35924896 -3.35922599 -3.35920823 -3.35921871 -3.35922883 -3.35925816 -3.35930131 -3.35935670 -3.35942327 -3.35950055 -3.35957905 -3.35965294 -3.35971697 -3.35977088 -3.35981154 -3.35981236 -3.35979116 -3.35973384 -3.35966116 -3.35958483 -3.35951090 -3.35946841
-3.35935193 -3.35933067 -3.35933259 -3.35933379 -3.35931464 -3.35928039 -3.35922863 -3.35915604 -3.35910578 -3.35906891 -3.35904419 -3.35903488 -3.35903607 -3.35905366 -3.35909164 -3.35913805 -3.35920518 -3.35929726 -3.35938922 -3.35950233 -3.35959923 -3.35970657 -3.35979122 -3.35985543 -3.35989361 -3.35989309 -3.35986001 -3.35978516 -3.35967715 -3.35956349 -3.35947036 -3.35939940
-3.35924606 -3.35921091 -3.35920380 -3.35918545 -3.35915772 -3.35911595 -3.35905188 -3.35897326 -3.35891327 -3.35887573 -3.35884947 -3.35885251 -3.35887125 -3.35891405 -3.35896939 -3.35904060 -3.35913127 -3.35924149 -3.35936451 -3.35948661 -3.35960871 -3.35972814 -3.35982992 -3.35991215 -3.35995931 -3.35995365 -3.35990710 -3.35980343 -3.35967100 -3.35952889 -3.35940033 -3.35931451
-3.35914920 -3.35910345 -3.35908929 -3.35906954 -3.35903341 -3.35898053 -3.35891094 -3.35883446 -3.35876445 -3.35872281 -3.35870798 -3.35871036 -3.35873347 -3.35879508 -3.35886785 -3.35895410 -3.35906348 -3.35919303 -3.35932331 -3.35946739 -3.35959674 -3.35972764 -3.35985041 -3.35994293 -3.35999349 -3.35997536 -3.35991530 -3.35979588 -3.35965013 -3.35947455 -3.35933514 -3.35922365
-3.35905431 -3.35901780 -3.35900472 -3.35899148 -3.35894941 -3.35889156 -3.35882254 -3.35874392 -3.35868027 -3.35863190 -3.35860534 -3.35861395 -3.35865695 -3.35871368 -3.35880520 -3.35889835 -3.35902203 -3.35914029 -3.35928515 -3.35943202 -3.35957552 -3.35971651 -3.35983616 -3.35993790 -3.35998820 -3.35997191 -3.35989875 -3.35976348 -3.35959391 -3.35941618 -3.35925841 -3.35913349
-3.35899115 -3.35895962 -3.35894247 -3.35893312 -3.35891090 -3.35885895 -3.35879778 -3.35872082 -3.35865173 -3.35859360 -3.35856206 -3.35856828 -3.35860326 -3.35866994 -3.35876304 -3.35886978 -3.35899784 -3.35911495 -3.35925773 -3.35939863 -3.35954397 -3.35968745 -3.35981554 -3.35991134 -3.35996062 -3.35994193 -3.35985039 -3.35970915 -3.35952899 -3.35934941 -3.35918558 -3.35906489
-3.35895369 -3.35893102 -3.35892519 -3.35892553 -3.35891853 -3.35887298 -3.35881829 -3.35874760 -3.35867218 -3.35861588 -3.35857996 -3.35857500 -3.35860581 -3.35866211 -3.35876217 -3.35886735 -3.35898452 -3.35910464 -3.35922586 -3.35936120 -3.35950563 -3.35964786 -3.35977715 -3.35987723 -3.35992694 -3.35990483 -3.35980328 -3.35965012 -3.35947718 -3.35929631 -3.35912937 -3.35902039
-3.35894310 -3.35893020 -3.35893670 -3.35894862 -3.35895186 -3.35892324 -3.35886609 -3.35880140 -3.35872579 -3.35866956 -3.35861980 -3.35861354 -3.35863975 -3.35869228 -3.35877565 -3.35886773 -3.35897902 -3.35909776 -3.35921576 -3.35933247 -3.35947237 -3.35961852 -3.35974812 -3.35984250 -3.35989133 -3.35987087 -3.35976632 -3.35961315 -3.35943296 -3.35926076 -3.35910307 -3.35899984
-3.35896825 -3.35896725 -3.35898004 -3.35898906 -3.35900119 -3.35897991 -3.35892885 -3.35887013 -3.35879642 -3.35872649 -3.35868572 -3.35868052 -3.35869917 -3.35873653 -3.35880254 -3.35888366 -3.35898661 -3.35909653 -3.35920830 -3.35932222 -3.35945819 -3.35960225 -3.35973335 -3.35983153 -3.35986520 -3.35983725 -3.35974620 -3.35959632 -3.35942046 -3.35925508 -3.35911394 -3.35901512
-3.35903700 -3.35902678 -3.35903061 -3.35905326 -3.35904581 -3.35901916 -3.35897547 -3.35892305 -3.35886021 -3.35880021 -3.35876039 -3.35874904 -3.35874827 -3.35877206 -3.35883638 -3.35891315 -3.35900840 -3.35910074 -3.35921328 -3.35933470 -3.35946950 -3.35960646 -3.35974344 -3.35983078 -3.35986374 -3.35984328 -3.35975583 -3.35962017 -3.35946073 -3.35929904 -3.35916925 -3.35908301
-3.35915267 -3.35913031 -3.35911600 -3.35910417 -3.35908678 -3.35904464 -3.35899913 -3.35895036 -3.35890012 -3.35885083 -3.35881754 -3.35879805 -3.35879399 -3.35881717 -3.35886601 -3.35893661 -3.35900899 -3.35911657 -3.35923588 -3.35936431 -3.35949772 -3.35964166 -3.35976299 -3.35985327 -3.35989238 -3.35986961 -3.35979844 -3.35967220 -3.35953516 -3.35939542 -3.35928280 -3.35919000
-3.35930704 -3.35925657 -3.35921051 -3.35915973 -3.35911983 -3.35906665 -3.35900666 -3.35895825 -3.35891204 -3.35887344 -3.35884609 -3.35882748 -3.35882612 -3.35885075 -3.35889248 -3.35895188 -3.35903547 -3.35913428 -3.35925899 -3.35938565 -3.35953040 -3.35967342 -3.35979396 -3.35988912 -3.35993321 -3.35992866 -3.35987063 -3.35977560 -3.35966276 -3.35953916 -3.35943751 -3.35936042
-3.35947781 -3.35940451 -3.35932092 -3.35923266 -3.35915253 -3.35907612 -3.35899527 -3.35893577 -3.35889700 -3.35887562 -3.35884717 -3.35884670 -3.35885509 -3.35887768 -3.35891715 -3.35897558 -3.35905270 -3.35917008 -3.35928146 -3.35942033 -3.35956593 -3.35969913 -3.35982567 -3.35992097 -3.35998212 -3.36000395 -3.35997205 -3.35990158 -3.35981782 -3.35972319 -3.35963470 -3.35955186
-3.35967805 -3.35956503 -3.35943884 -3.35931658 -3.35919407 -3.35907766 -3.35899451 -3.35891923 -3.35888711 -3.35887048 -3.35886618 -3.35887516 -3.35889299 -3.35891949 -3.35894928 -3.35900283 -3.35908332 -3.35918283 -3.35931578 -3.35945192 -3.35959267 -3.35973352 -3.35985452 -3.35995464 -3.36002490 -3.36007730 -3.36007991 -3.36004124 -3.35999535 -3.35992934 -3.35984826 -3.35976172
-3.35987357 -3.35974032 -3.35958070 -3.35942323 -3.35926592 -3.35912029 -3.35901223 -3.35893482 -3.35890043 -3.35889040 -3.35889979 -3.35891954 -3.35895076 -3.35897781 -3.35900631 -3.35905602 -3.35912954 -3.35922024 -3.35933851 -3.35947197 -3.35960327 -3.35974544 -3.35986666 -3.35997884 -3.36007891 -3.36014159 -3.36018576 -3.36019247 -3.36017177 -3.36012924 -3.36006719 -3.35998473
-3.36006369 -3.35991599 -3.35973794 -3.35954898 -3.35935817 -3.35919717 -3.35908526 -3.35899937 -3.35896734 -3.35896348 -3.35897703 -3.35900666 -3.35904066 -3.35905971 -3.35909317 -3.35912963 -3.35919433 -3.35927180 -3.35936618 -3.35948163 -3.35960932 -3.35973959 -3.35986875 -3.35998890 -3.36010039 -3.36020046 -3.36026835 -3.36031284 -3.36033637 -3.36031029 -3.36026245 -3.36018451
-3.36022724 -3.36007675 -3.35989935 -3.35970076 -3.35949801 -3.35933022 -3.35919581 -3.35911081 -3.35907212 -3.35907548 -3.35910503 -3.35913885 -3.35917544 -3.35919609 -3.35921127 -3.35923965 -3.35927900 -3.35933721 -3.35940853 -3.35950075 -3.35960337 -3.35972002 -3.35984811 -3.35997058 -3.36010247 -3.36022095 -3.36032218 -3.36039885 -3.36044350 -3.36045956 -3.36041971 -3.36034462
-3.36037162 -3.36023061 -3.36005836 -3.35986536 -3.35967634 -3.35950873 -3.35937984 -3.35928531 -3.35924493 -3.35924790 -3.35927707 -3.35931969 -3.35936048 -3.35937796 -3.35938038 -3.35938213 -3.35939608 -3.35942314 -3.35946786 -3.35953121 -3.35961231 -3.35970216 -3.35981766 -3.35994139 -3.36008733 -3.36021438 -3.36034083 -3.36043597 -3.36050401 -3.36054185 -3.36052833 -3.36046929
-3.36048429 -3.36036913 -3.36022219 -3.36004765 -3.35987568 -3.35970938 -3.35958478 -3.35949913 -3.35945629 -3.35946341 -3.35949230 -3.35952897 -3.35956164 -3.35957821 -3.35958070 -3.35956418 -3.35954031 -3.35953897 -3.35954200 -3.35956763 -3.35962583 -3.35968422 -3.35977329 -3.35989845 -3.36002839 -3.36016078 -3.36029624 -3.36041711 -3.36051325 -3.36056617 -3.36058857 -3.36056125
