32 32 
0.061095    0.061886     0.06304    0.064371    0.065793    0.067175    0.068333    0.069094    0.069476    0.069428    0.069145    0.068771    0.068585    0.068536    0.068592    0.068926    0.069371    0.069726    0.070031     0.07018    0.070049     0.06966    0.069025    0.068128    0.067026    0.065686    0.064319    0.063163    0.062104    0.061311    0.060861    0.060758 
0.060704    0.061138    0.061827     0.06291    0.064082    0.065343    0.066422    0.067068    0.067524    0.067457     0.06728    0.066862    0.066604    0.066594    0.066791    0.067313    0.067912     0.06856    0.069275    0.069724    0.069794    0.069803    0.069405     0.06882    0.067845     0.06672    0.065393    0.064112    0.062918    0.061886    0.061197    0.060754 
0.060676     0.06068    0.061058    0.061709    0.062613    0.063706    0.064732    0.065493     0.06588    0.065896    0.065691    0.065381    0.065176    0.065143    0.065377    0.066022    0.066703    0.067576    0.068411    0.069132    0.069583    0.069782     0.06978    0.069358    0.068811     0.06773    0.066571    0.065166    0.063913    0.062731    0.061839    0.061099 
0.060941    0.060642    0.060694    0.060934    0.061661    0.062676    0.063578     0.06419     0.06472    0.064849    0.064681    0.064441    0.064258     0.06433    0.064572    0.065184    0.065949    0.066941    0.067798    0.068696     0.06941    0.069887    0.070087    0.069936    0.069574    0.068791    0.067695    0.066434    0.065026      0.0638    0.062607    0.061639 
0.061526    0.060979    0.060818     0.06093    0.061362    0.062076    0.062964    0.063613    0.064118    0.064248    0.064316    0.064109     0.06397    0.064105    0.064383    0.064926    0.065664    0.066658    0.067598    0.068534    0.069374    0.070003    0.070403     0.07053    0.070275    0.069749    0.068821     0.06756    0.066231    0.064862    0.063619    0.062435 
0.062389    0.061706    0.061336    0.061208    0.061466    0.062091    0.062795    0.063557    0.064053    0.064341    0.064422    0.064414    0.064341     0.06434    0.064684    0.065066    0.065837     0.06671    0.067656    0.068671    0.069578    0.070246    0.070748    0.071038    0.070899    0.070542    0.069709    0.068574    0.067352    0.065967    0.064555    0.063352 
0.063522    0.062731    0.062173    0.061888    0.062081    0.062518    0.063095    0.063779    0.064295    0.064658    0.064879     0.06488    0.065012    0.065002    0.065254    0.065686    0.066319    0.067167    0.068028    0.068946    0.069866    0.070507    0.071075    0.071469    0.071529    0.071125    0.070449    0.069445    0.068247    0.066964    0.065738    0.064585 
0.064949    0.064049     0.06327    0.062921    0.063014    0.063222    0.063722     0.06431    0.064865    0.065315    0.065592    0.065737    0.065907    0.065945    0.066111    0.066574    0.067184    0.067888    0.068605    0.069453    0.070203    0.070845    0.071376    0.071793     0.07183    0.071524    0.070954    0.070115     0.06895    0.067886    0.066858    0.065951 
0.066383    0.065518    0.064735    0.064262    0.064076    0.064204    0.064565    0.065091    0.065646    0.066112    0.066423    0.066644    0.066888    0.067055    0.067275    0.067664    0.068189    0.068698     0.06934    0.070017    0.070621    0.071077    0.071592    0.071807    0.071906    0.071647    0.071118    0.070399    0.069579    0.068838    0.067999    0.067208 
0.067656    0.066878    0.066204    0.065612    0.065421    0.065381    0.065612    0.066031    0.066527    0.067105    0.067478    0.067684    0.067918    0.068188    0.068443    0.068847    0.069194    0.069594     0.06999    0.070404    0.070856    0.071267    0.071612    0.071734    0.071675    0.071375    0.070933     0.07045    0.070038    0.069491    0.068982    0.068381 
0.068911    0.068276    0.067574    0.067007    0.066772    0.066664     0.06688    0.067312    0.067734    0.068274    0.068619    0.068907    0.069183    0.069445    0.069699     0.07003    0.070188    0.070439    0.070596    0.070756    0.070975    0.071091    0.071221    0.071241    0.071028    0.070842    0.070563    0.070336    0.070138    0.069947    0.069769    0.069425 
0.069959    0.069489    0.068881    0.068442    0.068147    0.068144    0.068415     0.06879    0.069291    0.069687    0.070072    0.070333    0.070515    0.070801    0.070974    0.071196    0.071198    0.071175    0.071143    0.071067    0.070954    0.070791    0.070614    0.070491    0.070284    0.070117     0.06999    0.069928    0.070067    0.070194    0.070354    0.070286 
0.070875    0.070652    0.070201    0.069857    0.069688    0.069816    0.070139    0.070589     0.07106    0.071426    0.071773    0.072055    0.072177    0.072293    0.072323    0.072323    0.072165    0.071892    0.071575    0.071198    0.070749    0.070304    0.069894    0.069602    0.069294    0.069181    0.069175    0.069471    0.069928    0.070339    0.070739    0.070931 
0.071792    0.071743    0.071549    0.071447    0.071347     0.07157    0.072052    0.072535    0.072962    0.073315    0.073635    0.073853    0.074022    0.073922    0.073826    0.073547    0.073138    0.072611    0.071979    0.071245    0.070499    0.069797    0.069189    0.068677     0.06829    0.068283    0.068484    0.069029    0.069719    0.070444    0.071146     0.07155 
0.072657    0.072859     0.07284    0.072829    0.073011    0.073336    0.073828    0.074518    0.074995    0.075345     0.07558    0.075669    0.075657     0.07549    0.075129    0.074689    0.074051    0.073176    0.072302    0.071228    0.070307    0.069288    0.068483    0.067873    0.067511    0.067516     0.06783    0.068541    0.069567    0.070647    0.071532    0.072206 
0.073662    0.073996    0.074064    0.074238    0.074502    0.074899    0.075507    0.076254    0.076824    0.077181     0.07743    0.077401    0.077223    0.076817    0.076291    0.075614    0.074753    0.073706    0.072537    0.071377    0.070217    0.069083    0.068116    0.067335    0.066887     0.06694    0.067383    0.068367    0.069625    0.070976    0.072197    0.073012 
0.074583    0.075017    0.075152    0.075339    0.075683    0.076185    0.076846    0.077573    0.078238    0.078633    0.078774    0.078752    0.078532    0.077947    0.077255    0.076436    0.075397    0.074166    0.072929     0.07156    0.070331    0.069087    0.067921    0.067042    0.066562    0.066734    0.067305    0.068439    0.069824    0.071492    0.072816    0.073875 
0.075484    0.075831    0.075955    0.076081    0.076481     0.07703    0.077686    0.078433    0.079037    0.079497    0.079749    0.079667    0.079259     0.07872    0.077851    0.076966    0.075791    0.074667    0.073291    0.071896    0.070533    0.069193    0.068057     0.06709    0.066612    0.066767    0.067462    0.068747    0.070358    0.072046    0.073545    0.074732 
0.076084    0.076384    0.076547    0.076635    0.076846     0.07734    0.077921    0.078652    0.079309    0.079861     0.08016    0.080101    0.079769    0.079136    0.078251    0.077237    0.076021    0.074908    0.073552    0.072213    0.070832    0.069469    0.068252    0.067342    0.066874    0.067052    0.067921    0.069263    0.070975    0.072681    0.074237    0.075384 
0.07644    0.076655    0.076711    0.076707    0.076774    0.077207    0.077726    0.078398    0.079114    0.079649     0.07999    0.080038    0.079745     0.07921    0.078259     0.07726    0.076147    0.075006    0.073854    0.072569    0.071196    0.069845    0.068617    0.067666    0.067194    0.067404    0.068369    0.069824    0.071467    0.073185    0.074771    0.075806 
0.076541    0.076663    0.076601    0.076488    0.076457    0.076729    0.077272    0.077887    0.078605    0.079139    0.079612    0.079671    0.079422    0.078923    0.078131    0.077257    0.076199    0.075071     0.07395    0.072842    0.071512    0.070124    0.068893    0.067996    0.067532    0.067727     0.06872    0.070175    0.071887    0.073523    0.075021    0.076002 
0.076302    0.076311     0.07619    0.076104    0.075989    0.076191    0.076676    0.077234    0.077934    0.078598    0.078986    0.079035    0.078858    0.078503    0.077876    0.077105    0.076127    0.075083    0.074021    0.072939    0.071647    0.070279    0.069033      0.0681    0.067781    0.068046    0.068911    0.070335    0.072006    0.073577    0.074918    0.075856 
0.075649    0.075746    0.075709    0.075494    0.075565    0.075818    0.076233    0.076731    0.077328    0.077898    0.078276    0.078384    0.078391    0.078165    0.077554    0.076825     0.07592    0.075043    0.073974     0.07282     0.07154    0.070239    0.068937    0.068108    0.067794    0.067989     0.06882    0.070108    0.071623    0.073159    0.074392    0.075211 
0.07455    0.074762    0.074898     0.07501    0.075176    0.075576    0.076008    0.076472    0.076949    0.077417    0.077733    0.077919    0.077957    0.077737    0.077273    0.076602    0.075915    0.074893    0.073759    0.072539    0.071272    0.069904    0.068752    0.067894    0.067522    0.067739    0.068415    0.069614    0.070916    0.072244    0.073313    0.074195 
0.073083    0.073563       0.074    0.074483    0.074862    0.075367    0.075937    0.076397    0.076836    0.077202    0.077462    0.077639    0.077652    0.077418    0.077021    0.076457    0.075663    0.074724     0.07354    0.072336    0.070961    0.069602    0.068457    0.067553    0.067134    0.067178    0.067729    0.068632    0.069704    0.070878    0.071844    0.072576 
0.071461    0.072157    0.072951     0.07379    0.074551    0.075277    0.076045     0.07661    0.076978    0.077182    0.077452    0.077456    0.077377    0.077162    0.076787    0.076232    0.075499    0.074384    0.073326    0.072007    0.070624    0.069358    0.068156    0.067251     0.06667    0.066462    0.066765    0.067435    0.068231     0.06913     0.06997    0.070757 
0.069559    0.070632    0.071831    0.072992    0.074156    0.075262    0.076052    0.076767    0.077073     0.07723    0.077271    0.077186    0.077017    0.076765    0.076482    0.075973    0.075208    0.074263       0.073    0.071707     0.07037    0.069032    0.067882    0.066931    0.066263    0.065766    0.065741    0.066108    0.066544    0.067171    0.067942    0.068764 
0.067701    0.068967    0.070483    0.071979    0.073474    0.074857    0.075884    0.076619    0.076946    0.077041    0.076952    0.076764    0.076468    0.076211     0.07594    0.075468    0.074769    0.073908    0.072784    0.071516    0.070269    0.068918    0.067767    0.066701     0.06575    0.065155    0.064735    0.064672    0.064868    0.065272    0.065862    0.066645 
0.065895    0.067298     0.06899    0.070785    0.072597    0.074127     0.07519    0.076006     0.07631    0.076347    0.076218    0.075937    0.075614    0.075433    0.075115    0.074769    0.074154    0.073418    0.072521    0.071424    0.070211    0.068974    0.067747    0.066605    0.065546    0.064596    0.063951    0.063528    0.063304    0.063552    0.064007    0.064747 
0.064341    0.065771    0.067456    0.069343    0.071269    0.072863     0.07414    0.074947    0.075315    0.075283    0.075002    0.074681    0.074333    0.074137    0.073993    0.073723    0.073349    0.072796    0.072119    0.071243    0.070268     0.06916    0.067943    0.066779    0.065527    0.064401    0.063439    0.062711    0.062287    0.062134    0.062513    0.063226 
0.06297    0.064309    0.065946    0.067779    0.069575    0.071167    0.072392     0.07329    0.073673    0.073645    0.073368    0.072963    0.072575    0.072409    0.072386     0.07237    0.072237     0.07198    0.071555    0.070954    0.070183    0.069329    0.068232    0.067057     0.06567    0.064463    0.063262    0.062358    0.061712    0.061352    0.061481    0.062042 
0.061899    0.062993    0.064389    0.066047    0.067681    0.069261    0.070445    0.071258    0.071665    0.071598    0.071323    0.070975    0.070664    0.070507    0.070483     0.07064    0.070867     0.07088    0.070851    0.070607    0.070055      0.0695    0.068654    0.067465     0.06623    0.064973    0.063686    0.062537    0.061624    0.061121    0.060909    0.061168 
