1.010161767155260293e+00 4.535792799200422110e-01
1.028265218203975984e+00 2.662205477998672354e+00
1.004989499325005475e+00 1.642382218067803379e+00
9.231521014723647056e-01 5.924412475744726958e-01
8.212192635482327141e-01 2.562407029059263763e-01
9.727119197878764112e-01 2.877521485057374373e-01
1.051503187512865090e+00 2.632692755303587262e-01
9.966914425365569485e-01 4.525346741552479735e+00
1.029187221757422055e+00 1.509936445496566637e-01
9.516623088400408825e-01 4.364568709071458663e+00
8.980397997100821872e-01 2.179451206341652458e+00
9.966997645446049603e-01 1.019543055402539311e+00
1.044439287486597978e+00 2.089720523293804033e-01
1.003621655238466026e+00 2.105616004496776439e-01
9.859104795177616731e-01 4.426510503530190488e-01
1.054942646234503068e+00 2.539116752567622259e-01
9.894800223512584259e-01 4.525580201110124712e+00
9.910930014843408742e-01 7.061692257155163244e-01
1.009341584568866246e+00 1.382890436213487728e+00
9.732797844296179335e-01 4.525592771332110686e+00
9.544019876210028119e-01 3.239264603188337088e-01
9.741226312621394934e-01 1.538323491712418611e-01
9.732797844296179335e-01 4.525592842108162372e+00
9.277179603606996450e-01 2.976414676387896918e+00
1.041449591709726619e+00 4.525552114765711842e+00
9.730413219553653015e-01 4.525592698705212413e+00
9.734415726193677010e-01 3.894075953211216801e-01
9.723044020535418497e-01 1.926689502635398343e-01
9.602112244888501014e-01 3.984090865780406387e-01
9.929009407518873953e-01 4.524035903441467887e+00
9.732797844296179335e-01 4.525592771227541888e+00
9.732797844296179335e-01 4.525592908733896635e+00
9.347418056567842193e-01 4.521810057569846997e+00
1.038631176707270232e+00 4.525567286600703731e+00
9.612111161136451809e-01 3.670895547391703317e+00
9.732797844296179335e-01 4.525592975700084786e+00
9.610768589952068952e-01 1.069047105549134180e+00
9.890182605169078878e-01 2.396515731746065025e+00
9.009109428099293382e-01 8.234309922142010185e-01
9.635125797296626438e-01 4.525231975416838637e+00
9.358337553670119657e-01 5.284583425348887697e-01
9.649295085647315862e-01 2.947396034588881664e-01
9.283412453515423879e-01 3.669866613009940881e+00
9.759886585519377267e-01 4.525591854364677147e+00
9.428529341977939238e-01 4.525590835623237496e+00
9.732797844296179335e-01 4.525593622902977842e+00
9.732797844296179335e-01 4.525592854705641876e+00
9.732797844296179335e-01 4.525592869391452666e+00
9.732797844296179335e-01 4.525592805319410772e+00
8.669763266275481994e-01 1.564583951152690666e+00
1.026542750735603970e+00 4.525398943620032810e+00
9.879494209415659034e-01 3.647288807119467791e+00
9.541271124837381601e-01 2.386997319900332482e+00
9.412902911527569749e-01 1.977783728061783153e+00
8.925791247480984181e-01 7.104720994819785362e-01
1.024365032011586241e+00 4.525429581613579444e+00
9.855400301448530298e-01 4.521726885208377844e+00
9.732797844296179335e-01 4.525592846687491289e+00
1.040522596607785344e+00 1.861541241464201635e+00
9.728068265853515584e-01 4.399039880035405581e+00
9.732797844296179335e-01 4.525592894491234475e+00
9.828814520138114963e-01 2.003283388529850106e-01
1.065309681417918375e+00 2.689723690078604790e-01
9.732797844296179335e-01 4.525592813862576058e+00
9.212756215964630346e-01 8.411922794874806542e-01
9.732797844296179335e-01 4.525592852376341568e+00
1.025462101632831136e+00 2.447084632632497148e-01
9.211304875860508723e-01 5.619807295525417468e-01
1.003258496911323183e+00 1.445990567420092354e-01
9.732797844296179335e-01 4.525592883175800551e+00
9.582008472219035733e-01 4.525592722229417220e+00
9.656490699870509120e-01 2.808087447894327404e-01
9.650190740464464900e-01 4.934429552684476139e-01
1.015405128220003839e+00 5.432006606492379985e-01
9.732797844296179335e-01 4.525592884623556245e+00
9.462300075691045809e-01 3.015585945326243689e+00
9.732797844296179335e-01 4.525592928739487597e+00
9.715716570983103928e-01 4.525592258304712345e+00
1.020500760753887182e+00 2.616283583371447619e-01
9.716034291815714985e-01 3.083745207525991350e-01
9.597676661075217330e-01 1.986936810942671938e+00
1.004095219280671136e+00 2.401100316451744987e-01
9.528827888701011384e-01 4.525479017083987365e+00
9.497536952154455037e-01 4.525591894947162963e+00
9.732797844296179335e-01 4.525592848550034297e+00
1.066234614166785555e+00 4.525510191760941048e+00
9.773517685673743793e-01 1.397406598530058552e+00
9.732797844296179335e-01 4.525592891912071813e+00
9.603342458147289262e-01 3.975848861793758737e-01
9.732797844296179335e-01 4.525592791263522763e+00
1.051383991065251822e+00 4.525531778405894379e+00
9.873462999092486037e-01 7.368794361975907758e-01
9.306915542410253428e-01 3.512057303589652957e+00
9.747660176999912718e-01 1.001794841859916518e+00
9.732797844296179335e-01 4.525592915781583514e+00
9.732797844296179335e-01 4.525592788657795573e+00
9.568246214388840265e-01 2.413348505981620373e-01
1.036931440838774865e+00 4.525576005599023510e+00
8.974830691609751998e-01 1.010954710818309898e+00
9.508863219355065954e-01 1.583440615859081357e-01
1.076255078190617276e+00 4.525560084243422487e+00
9.642294538926839964e-01 4.525592313012094969e+00
1.007397406849502408e+00 4.525072458171036871e+00
1.011546104554766679e+00 1.145488898427236446e+00
1.024422432044380660e+00 1.272962349701192153e+00
1.010983355622459889e+00 2.038323687311196064e+00
9.732797844296179335e-01 4.525592808237763442e+00
9.732797844296179335e-01 4.525592846760284615e+00
9.180560508301636169e-01 6.244941753109286564e-01
9.732797844296179335e-01 4.525592865454891367e+00
9.732797844296179335e-01 4.525592808380281440e+00
9.804545333933124551e-01 2.434564160128602772e-01
9.732797844296179335e-01 4.525592864330461040e+00
9.732797844296179335e-01 4.525592795263579049e+00
9.750911514346596309e-01 3.091403139585369164e-01
9.732797844296179335e-01 4.525592877107967205e+00
9.757390440650988150e-01 1.700482263820886519e+00
1.080306305399248545e+00 4.525564416508520260e+00
1.011853000758307530e+00 4.523780255578885523e+00
1.016618799727633471e+00 4.525398264203240650e+00
9.732797844296179335e-01 4.525592948064068644e+00
9.062326053706174500e-01 9.370426495418329171e-01
9.009742858651293984e-01 3.807292840611380402e+00
9.519045340910994302e-01 7.665008622854180276e-01
9.949725397987150277e-01 4.525431638456688610e+00
1.042127157062853637e+00 2.974387378980652752e+00
9.895322271472528630e-01 4.525591610371002993e+00
9.732797844296179335e-01 4.525593024679569254e+00
1.044435158697915256e+00 4.525560828353172305e+00
9.161790749326935712e-01 1.440113957470863681e+00
9.732797844296179335e-01 4.525592825854002577e+00
9.732797844296179335e-01 4.525592851561774488e+00
9.732797844296179335e-01 4.525592822863459652e+00
1.023045817753948761e+00 9.833131642119143923e-01
1.009192501221931160e+00 4.525560390208603678e+00
9.663857005079053986e-01 4.570190673836797557e-01
1.054694167594825593e+00 2.295529143810099149e-01
9.671075764729865076e-01 2.260309929067416124e-01
1.014650982486072772e+00 4.525007384274112532e+00
9.732797844296179335e-01 4.525592850271284107e+00
9.659154903651301360e-01 1.090204055460744392e+00
9.160879207623653375e-01 6.700044816348136312e-01
9.962329893846065820e-01 2.439157351951070363e-01
1.035295179527402354e+00 2.372591247872055387e-01
1.011128438725140022e+00 4.525559390276783667e+00
9.732797844296179335e-01 4.525592852824566137e+00
9.229432976639908581e-01 4.517825237490576740e+00
9.436159748745234221e-01 2.208966214705158360e-01
1.020012176977997065e+00 4.525587339622018312e+00
1.032245534914026708e+00 2.202569859954744136e-01
9.316152100038372907e-01 2.141126512894144795e+00
1.012151469371761703e+00 2.988668393484555375e-01
9.909404334137571491e-01 3.465115019826578435e-01
9.219944710277021560e-01 5.401964663766671837e-01
1.013183298087348305e+00 7.236375442200392305e-01
1.075839840929117663e+00 4.525550767497049875e+00
9.732797844296179335e-01 4.525592844859357200e+00
9.642774367014546044e-01 1.721569617948198738e-01
9.732797844296179335e-01 4.525592831200785149e+00
9.878146904136867468e-01 1.748678531872436825e-01
1.010602348323627275e+00 4.524257801834281167e+00
9.069115300159376059e-01 1.373006538744933502e+00
1.042470931690959723e+00 2.540089055152145447e-01
1.059892091135012038e+00 2.981259748130914988e-01
